92108800
92106755
92114948
92112901
92114950
92114289
92107436
92108810
92110064
92112910
92114959
92108819
92112916
92112917
92108121
92110873
92108463
92110876
92114973
92108831
92114977
92114982
92108839
92108841
92114986
92112939
92110892
92111538
92106801
92106802
92112947
92114996
92108853
92110902
92111881
92112952
92112953
92115002
92108859
92106762
92110912
92108307
92112962
92115014
92114273
92110921
92112971
92112976
92106834
92111203
92108884
92110933
92110521
92112984
92112570
92106847
92106852
92112999
92113000
92108910
92110959
92110960
92113009
92113011
92108916
92113013
92111636
92109161
92108923
92106876
92113273
92115072
92115073
92115078
92110983
92107116
92115085
92110994
92106899
92111637
92110997
92115094
92108952
92113050
92106908
92106909
92111886
92113057
92106914
92111012
92106917
92113063
92111016
92106922
92113067
92106924
92111021
92113073
92108979
92106935
92111035
92106940
92111037
92111038
92113269
92115138
92113091
92107570
92111689
92115144
92113098
92106955
92106956
92115149
92106958
92106963
92106446
92113111
92109017
92109018
92111067
92113119
92113120
92111073
92109027
92109029
92109030
92111079
92113128
92106987
92111087
92109047
92113144
92115194
92107003
92113148
92113149
92113151
92115200
92115201
92114987
92112391
92115209
92109066
92109067
92107020
92111117
92107022
92113168
92115217
92111235
92115221
92111126
92107481
92109080
92111846
92111130
92107037
92113182
92113184
92107042
92113188
92111144
92115241
92111147
92111148
92109102
92111151
92108851
92107061
92113206
92109112
92109116
92111165
92115263
92109120
92113218
92110219
92113222
92107189
92111180
92113229
92107086
92113233
92115282
92114985
92115289
92109147
92106810
92111198
92109152
92106811
92115301
92111209
92113260
92107120
92107689
92113268
92109173
92113270
92113641
92109177
92113274
92111228
92108522
92115191
92109184
92109187
92111596
92113291
92109198
92115343
92115350
92109208
92109212
92114851
92112737
92111266
92107171
92113316
92111269
92111270
92109223
92115356
92113322
92111275
92115372
92107181
92113326
92107183
92107185
92107964
92113333
92109238
92109239
92107508
92111263
92111295
92111296
92109249
92115399
92109257
92109259
92113314
92113360
92109266
92112291
92113368
92107172
92115418
92109903
92111324
92113373
92115422
92113375
92107232
92107233
92115426
92113379
92113383
92107242
92113387
92111344
92112673
92107253
92107256
92111956
92111354
92114786
92111358
92109311
92113084
92109319
92109321
92113419
92107276
92107626
92107279
92107280
92109331
92107182
92106808
92113423
92113435
92107054
92111389
92106904
92107296
92111394
92113443
92109348
92109350
92114695
92113454
92110259
92107318
92109370
92107871
92113468
92109373
92111423
92109379
92107333
92113479
92109384
92113484
92109391
92111440
92114857
92113491
92107534
92109399
92113501
92107358
92111456
92113505
92113506
92114022
92109414
92111466
92112514
92107373
92109423
92107378
92108222
92109431
92111480
92113529
92113531
92112949
92107541
92109441
92113538
92113539
92109444
92111493
92111494
92110273
92113550
92111504
92107412
92111510
92113560
92111514
92113563
92107421
92113567
92111520
92111522
92109475
92113574
92110961
92107432
92109483
92109484
92114451
92110683
92107443
92107550
92111542
92109132
92107449
92109498
92110623
92113596
92107455
92114247
92109509
92111559
92113608
92107465
92111562
92107470
92109519
92107473
92113625
92107486
92111584
92110288
92110201
92111587
92107495
92111593
92107499
92113644
92109550
92107901
92109554
92109555
92113652
92111605
92113658
92111611
92113662
92109569
92109570
92109572
92108246
92111623
92110976
92109580
92111630
92109613
92111633
92109587
92113684
92110551
92109590
92113687
92107544
92113694
92113696
92109601
92107556
92109606
92112689
92108252
92110642
92113711
92107568
92107569
92109618
92114721
92111670
92113719
92112266
92107578
92107579
92113725
92111669
92111680
92107588
92107590
92107591
92112001
92114060
92107595
92111693
92109624
92113746
92109651
92113748
92109653
92113752
92112880
92113502
92109664
92111713
92111714
92107620
92111717
92113767
92107625
92113770
92107239
92107630
92109680
92111866
92110995
92109684
92109686
92107643
92111740
92108949
92109291
92107652
92108950
92109702
92112617
92113804
92111757
92111760
92111761
92112366
92107673
92107984
92109723
92113822
92106565
92113824
92112368
92111783
92107932
92109739
92113837
92109749
92113846
92108617
92109752
92113851
92109756
92109757
92109759
92114080
92112619
92113864
92109772
92107727
92113873
92109778
92109779
92109781
92112074
92111835
92111837
92111843
92109798
92108080
92111851
92109650
92109807
92113906
92113848
92111860
92114530
92107766
92109816
92107847
92111872
92115115
92111876
92111879
92109833
92111884
92113934
92107795
92111894
92109847
92109849
92109854
92107807
92111905
92111907
92111908
92107815
92107816
92112732
92107271
92113966
92111923
92113972
92109878
92113975
92109882
92111933
92107838
92107841
92107842
92109892
92109893
92106593
92109896
92113994
92113995
92112738
92113999
92109904
92112872
92107860
92111958
92111959
92107865
92109915
92115420
92109917
92109919
92111970
92111971
92111974
92114025
92109930
92110695
92114030
92114109
92110696
92111986
92111987
92109940
92114110
92107895
92109946
92111997
92111998
92107905
92107906
92110358
92107913
92107916
92109965
92114062
92107920
92107924
92113774
92114070
92107927
92114072
92112026
92114076
92107933
92107934
92112032
92107937
92114086
92114088
92109994
92109995
92112044
92109997
92110000
92110001
92112058
92110012
92112061
92112900
92108672
92115147
92114122
92112759
92110028
92114128
92110033
92112085
92107992
92112092
92114142
92110047
92110048
92114145
92109691
92114129
92114152
92108010
92114156
92112112
92112119
92110072
92112121
92109695
92112125
92108030
92107989
92106901
92112768
92109247
92114181
92114184
92114188
92114189
92108046
92112146
92108051
92108052
92108054
92112152
92110724
92114204
92112157
92108062
92113797
92110114
92110121
92112174
92114224
92110129
92110046
92110134
92114232
92108089
92108091
92108682
92112192
92112195
92114244
92109366
92112198
92109025
92112201
92110156
92112208
92112210
92114260
92110166
92114951
92114265
92108122
92112220
92108125
92114272
92110177
92112227
92107665
92112232
92115175
92114287
92110056
92112242
92112247
92114297
92110205
92114837
92112257
92114816
92114838
92110214
92112108
92110606
92112791
92114316
92112269
92108176
92114321
92112274
92110228
92108182
92108697
92108190
92111339
92112021
92108193
92114843
92110247
92110254
92112303
92114352
92108209
92112307
92110260
92114357
92110263
92114366
92112321
92114370
92112801
92110280
92112330
92112331
92112332
92112333
92112461
92108240
92108024
92110291
92110294
92110295
92112345
92114394
92112348
92108253
92114399
92114400
92108477
92110306
92111099
92110310
92110312
92114409
92109735
92112364
92110318
92115197
92114416
92110760
92110325
92110327
92114427
92110332
92114429
92114430
92114431
92114433
92108290
92114436
92112390
92109057
92112339
92110345
92110352
92109059
92108310
92110363
92112418
92108330
92114475
92108333
92108337
92107525
92114485
92108344
92114491
92108348
92108350
92112450
92110405
92112482
92112462
92108367
92114513
92107867
92112467
92112470
92112473
92108378
92112478
92110431
92110434
92110437
92110441
92110443
92114540
92114541
92114543
92108404
92110455
92108410
92113324
92109418
92108418
92110467
92112520
92107372
92108426
92110476
92110481
92110484
92110485
92114588
92112541
92108446
92110496
92110503
92114887
92112556
92111989
92110510
92110511
92109926
92110515
92110518
92110793
92114617
92110522
92114620
92110525
92110533
92112583
92110537
92112503
92110542
92106447
92110545
92108499
92110798
92108503
92106456
92114651
92108511
92112610
92112611
92114662
92106473
92106474
92108523
92110576
92109168
92106482
92107731
92106484
92110581
92114678
92114681
92108539
92112645
92111489
92107394
92106510
92108559
92114705
92114706
92110611
92110613
92111560
92108570
92114716
92108972
92106527
92110128
92113466
92112677
92108588
92106541
92106544
92108424
92112690
92106547
92106548
92112694
92114743
92108600
92110650
92114747
92114750
92106559
92110658
92110659
92110661
92114758
92108428
92111626
92114763
92114766
92108623
92106576
92110673
92108627
92112725
92107603
92108635
92108636
92106589
92114785
92110690
92112739
92110692
92108645
92112743
92114792
92110699
92114796
92114237
92110705
92106614
92108663
92106618
92114812
92114151
92110720
92114817
92114820
92112778
92114827
92110732
92114830
92112783
92106642
92108692
92106645
92106646
92108695
92106649
92106514
92113903
92107759
92106657
92106658
92107419
92114854
92106664
92112809
92108715
92114860
92110493
92114864
92110771
92107947
92108729
92106684
92108736
92114883
92106694
92110791
92112841
92114890
92106702
92114897
92112851
92106708
92108758
92112855
92114154
92110812
92114909
92110814
92106719
92114915
92108774
92114920
92110472
92107431
92112876
92112879
92106736
92111528
92112883
92106741
92110838
92110840
92114937
92114938
92106747
92114943
